@name EgpImage
@inputs Egp:wirelink
@outputs 
@persist I O X Y Code:string
@trigger 

interval(1)

if(first()){
    
    Code = "0,0,0|0,0,0|0,0,0|0,0,0|0,0,0|0,0,0|0,0,0|0,0,0|0,0,0|0,0,0|204,153,51|234,151,36|243,159,28|246,169,28|247,173,29|248,175,29|247,174,28|246,169,28|245,159,27|233,149,35|207,143,47|0,0,0|0,0,0|0,0,0|0,0,0|0,0,0|0,0,0|0,0,0|0,0,0|0,0,0|0,0,0|0,0,0|0,0,0|0,0,0|0,0,0|0,0,0|0,0,0|0,0,0|0,0,0|0,0,0|231,140,27|241,154,24|248,167,21|254,185,20|255,203,28|255,216,43|255,222,55|255,224,59|255,222,55|255,215,44|255,202,29|254,184,20|248,167,20|240,155,22|230,142,31|0,0,0|0,0,0|0,0,0|0,0,0|0,0,0|0,0,0|0,0,0|0,0,0|0,0,0|0,0,0|0,0,0|0,0,0|0,0,0|0,0,0|0,0,0|227,136,27|235,143,22|251,164,12|255,193,16|255,216,34|255,239,126|255,252,209|255,254,230|255,254,232|255,254,232|255,254,232|255,253,229|255,252,214|255,241,138|255,217,42|255,193,17|252,165,11|233,142,22|230,137,22|0,0,0|0,0,0|0,0,0|0,0,0|0,0,0|0,0,0|0,0,0|0,0,0|0,0,0|0,0,0|0,0,0|0,0,0|207,127,47|247,152,11|254,180,11|255,212,45|255,244,161|255,251,198|255,252,209|255,252,213|255,253,217|255,253,220|255,253,220|255,253,219|255,253,217|255,252,213|255,252,209|255,251,200|255,244,166|255,214,57|254,181,11|247,152,11|215,127,31|0,0,0|0,0,0|0,0,0|0,0,0|0,0,0|0,0,0|0,0,0|0,0,0|0,0,0|0,0,0|227,135,19|249,154,9|255,186,14|255,227,100|255,250,179|255,251,187|255,251,191|255,251,196|255,252,201|255,252,204|255,252,207|255,252,208|255,252,207|255,252,204|255,252,199|255,251,195|255,251,191|255,251,187|255,251,183|255,230,113|255,188,20|250,155,8|224,128,23|0,0,0|0,0,0|0,0,0|0,0,0|0,0,0|0,0,0|0,0,0|0,0,0|229,133,19|248,148,7|255,186,15|255,229,116|255,248,165|255,250,168|255,250,171|255,251,175|255,251,179|255,251,184|255,251,188|255,251,190|255,251,191|255,251,189|255,251,187|255,251,183|255,251,179|255,250,175|255,250,171|255,250,167|255,248,164|255,232,128|255,188,22|250,149,7|230,132,17|0,0,0|0,0,0|0,0,0|0,0,0|0,0,0|0,0,0|188,127,36|245,143,8|255,178,11|255,226,115|255,242,145|255,247,148|255,249,151|254,248,152|254,248,156|255,250,162|255,250,165|255,250,169|255,250,171|255,250,171|255,250,171|255,250,169|255,250,165|255,250,161|255,250,157|255,249,154|255,249,150|255,248,148|255,241,144|255,228,123|255,180,10|245,142,8|208,127,29|0,0,0|0,0,0|0,0,0|0,0,0|0,0,0|239,133,9|255,165,7|255,209,71|255,233,125|255,239,129|254,244,129|230,208,98|148,105,33|133,89,28|244,233,130|255,249,146|255,249,149|255,249,151|255,249,152|255,249,151|255,249,149|255,249,146|255,248,143|255,248,140|255,248,136|255,248,134|255,245,131|255,239,128|255,233,125|255,215,93|255,166,8|239,135,9|0,0,0|0,0,0|0,0,0|0,0,0|203,117,26|250,147,6|255,186,32|255,222,105|255,230,109|254,233,109|190,153,56|122,67,8|153,111,38|211,193,97|253,246,125|255,248,127|255,248,129|255,248,130|255,248,131|255,248,130|255,248,129|255,247,127|255,247,124|255,247,121|255,247,119|255,245,117|255,241,114|255,236,112|255,230,109|255,222,105|255,189,39|249,148,6|215,123,23|0,0,0|0,0,0|196,115,33|231,127,9|254,162,7|255,203,67|255,219,90|255,226,93|197,155,51|125,71,9|193,164,62|254,247,108|255,247,104|255,247,106|255,247,108|255,247,110|255,247,111|255,247,111|255,247,111|255,247,110|255,247,108|255,247,106|255,246,104|255,243,102|255,240,100|255,237,98|255,232,96|255,226,93|255,219,90|255,207,77|254,163,10|235,130,7|0,0,0|0,0,0|218,123,17|244,138,4|255,174,24|255,206,72|255,215,77|249,212,73|131,78,11|203,177,61|255,238,86|255,240,86|255,242,88|255,245,89|255,246,90|255,246,92|255,246,93|255,246,94|255,246,93|255,246,92|255,245,90|237,217,73|213,179,52|210,173,49|229,198,63|247,220,76|254,226,81|255,221,79|255,216,77|255,206,72|255,177,32|244,140,6|153,97,24|0,0,0|214,122,23|246,146,6|255,182,39|255,202,61|255,210,65|194,147,39|184,152,45|254,230,73|255,232,72|255,235,74|255,238,75|255,239,76|255,241,77|255,242,79|255,243,78|255,244,78|255,243,78|255,242,79|235,215,65|112,59,5|119,63,4|122,64,4|118,62,4|118,64,7|194,146,34|254,214,65|255,210,66|255,202,60|255,184,42|246,147,6|210,121,24|0,0,0|218,120,12|245,151,7|254,183,39|255,197,50|255,206,54|242,205,58|250,217,60|255,222,60|255,226,60|254,229,62|193,154,34|152,107,20|235,206,51|255,236,66|255,237,66|255,238,66|255,237,66|255,237,65|253,235,66|238,219,65|246,226,66|245,223,65|233,208,61|205,178,52|146,104,24|180,128,28|255,205,55|255,197,51|254,184,42|246,152,8|220,119,10|127,127,63|221,121,7|243,153,9|253,181,34|255,193,43|255,201,47|255,207,49|255,213,50|255,218,51|255,222,52|247,214,48|130,75,7|134,76,5|153,105,17|255,231,56|255,232,56|255,232,56|255,232,56|255,232,56|255,231,56|254,228,54|253,224,52|254,222,52|255,221,52|255,217,52|252,218,55|240,201,52|255,201,47|255,194,44|253,182,36|244,155,11|224,121,5|192,114,34|220,120,5|242,154,9|252,177,27|255,189,38|255,197,42|255,202,43|255,208,44|255,213,45|255,217,46|224,182,35|147,86,6|161,99,7|147,94,10|255,227,50|255,227,50|255,227,50|255,227,50|250,220,47|201,155,26|156,103,12|145,90,10|162,106,13|213,163,28|251,207,43|255,208,44|255,203,42|255,197,42|255,190,39|252,178,28|243,155,11|223,121,3|199,114,24|219,119,3|240,153,8|251,174,22|254,186,37|255,194,41|255,200,42|255,204,43|255,209,44|255,213,46|234,197,42|152,91,7|163,101,7|155,101,12|255,224,48|255,223,49|255,223,49|255,223,49|203,161,30|126,68,4|140,81,5|141,81,4|137,78,4|120,65,4|205,154,28|255,204,43|255,200,42|255,194,41|254,186,38|251,175,23|240,153,9|222,121,2|200,111,18|216,117,4|237,149,8|249,172,20|254,184,36|255,192,43|255,197,44|255,202,45|255,206,45|255,210,47|254,216,50|158,104,14|151,89,5|191,150,31|255,219,49|255,220,49|255,221,49|255,220,49|243,214,51|210,181,46|228,200,51|237,206,51|235,203,51|220,189,48|245,201,47|255,202,45|255,198,44|255,192,43|254,185,37|249,172,20|237,151,8|218,118,2|196,110,19|210,114,5|233,145,8|246,167,15|252,181,32|255,189,44|255,194,46|255,200,47|255,204,48|255,206,48|255,210,49|240,206,52|220,187,48|253,219,54|255,217,50|255,217,50|255,217,50|255,217,50|255,216,50|255,215,50|255,213,49|255,212,48|255,210,49|255,207,48|255,204,48|255,201,47|255,195,47|255,190,45|253,181,32|247,168,16|233,146,8|212,114,4|191,109,26|203,110,7|227,138,7|243,162,13|251,177,24|254,186,41|255,192,48|255,197,50|255,200,50|255,204,51|255,206,51|255,208,51|255,211,50|255,212,51|255,213,53|255,214,52|255,214,52|255,212,51|255,211,51|255,210,51|255,211,50|255,209,51|255,206,51|252,195,49|234,125,44|228,98,60|237,126,52|252,181,41|252,178,25|243,163,14|228,140,8|207,110,5|179,117,42|197,109,16|220,130,5|237,155,12|249,172,18|253,181,32|254,188,45|255,193,51|255,197,52|255,201,52|255,205,52|255,206,53|255,207,53|255,209,54|255,210,54|255,210,53|224,173,39|190,128,22|229,166,33|249,192,47|254,202,51|254,205,52|254,202,52|212,56,17|250,143,134|254,174,167|255,197,191|237,82,36|249,171,19|237,155,13|219,123,7|199,106,17|0,0,0|193,111,18|212,120,5|230,146,11|244,165,16|252,176,23|254,183,37|255,189,49|255,193,53|255,197,54|255,200,55|255,202,54|255,204,55|255,205,55|255,206,56|255,206,55|248,205,56|227,193,58|184,150,46|122,66,8|200,133,27|253,194,51|249,184,50|228,73,59|251,101,91|252,105,95|252,117,107|248,103,93|226,81,16|244,128,107|249,188,180|242,149,140|213,37,26|193,109,20|205,109,4|221,135,8|236,157,15|248,170,19|253,178,26|254,184,38|255,188,49|255,193,54|255,195,55|255,197,56|255,200,56|255,201,56|255,202,57|255,203,56|255,203,56|255,203,56|250,196,54|143,86,11|155,93,17|252,180,48|247,172,48|232,63,49|251,71,58|252,73,60|253,75,63|252,78,65|247,80,68|253,119,109|253,142,134|255,178,171|223,66,56|0,0,0|197,105,14|211,121,5|227,145,12|240,162,18|249,171,21|253,178,26|255,183,38|255,187,47|255,191,54|255,193,56|255,195,57|255,196,56|255,196,57|255,198,57|254,196,56|220,158,39|159,95,15|166,99,21|238,153,41|250,168,44|247,170,47|218,37,22|249,54,40|253,61,47|254,63,50|254,62,48|253,67,54|253,78,66|253,89,77|253,110,99|226,64,52|0,0,0|127,127,0|204,110,6|216,130,8|231,150,14|241,164,20|249,172,22|254,177,25|255,182,33|255,186,42|255,188,48|255,190,54|255,191,58|255,192,57|255,193,57|249,189,56|125,73,12|154,88,14|239,136,29|245,145,33|249,162,38|251,174,39|197,29,9|243,41,28|254,56,41|255,61,47|255,63,49|255,64,50|254,64,50|253,64,51|254,77,64|220,37,24|0,0,0|0,0,0|197,106,12|207,114,4|219,136,9|232,152,16|242,163,21|248,170,22|253,174,24|255,179,28|255,181,35|255,184,41|255,185,45|255,186,46|255,187,48|255,189,50|247,189,53|203,158,45|121,62,6|196,108,18|250,161,31|253,174,29|215,99,14|224,27,16|253,51,37|255,63,48|255,65,50|255,60,45|255,54,40|255,50,35|243,44,31|212,22,9|0,0,0|0,0,0|223,192,0|200,107,8|210,119,5|220,138,11|231,151,16|241,161,20|247,167,21|251,171,22|254,174,24|255,176,26|255,179,31|255,179,34|255,180,35|255,181,35|254,180,35|247,171,32|144,83,9|155,91,13|251,164,24|251,170,22|245,165,21|205,30,10|245,38,27|255,62,48|255,65,51|255,56,42|250,43,30|231,29,18|210,18,7|204,17,0|0,0,0|0,0,0|0,0,0|205,125,21|199,105,7|211,120,5|220,136,10|229,149,15|238,158,18|244,163,20|248,167,22|250,170,22|252,172,23|253,172,23|254,173,24|237,158,22|183,111,15|164,98,16|187,124,24|242,164,30|247,164,22|244,164,21|238,159,18|203,70,11|224,24,15|252,44,33|252,49,36|236,33,22|210,20,11|186,11,2|0,0,0|0,0,0|0,0,0|0,0,0|0,0,0|255,255,0|212,119,16|197,104,7|210,117,4|219,132,8|226,143,13|233,152,16|238,158,18|243,162,20|246,165,21|247,166,22|249,167,22|249,171,26|250,177,32|249,164,25|245,161,22|243,160,20|239,158,19|233,152,16|227,144,14|215,123,9|194,20,7|217,21,13|203,19,11|188,18,7|204,51,0|0,0,0|0,0,0|0,0,0|0,0,0|0,0,0|0,0,0|0,0,0|255,251,0|229,123,13|196,106,11|203,109,4|215,124,6|222,136,9|227,144,12|232,149,15|235,153,16|238,156,17|239,158,18|240,158,18|239,157,18|238,155,17|235,154,16|232,150,15|228,144,13|222,136,10|216,125,7|203,110,4|179,44,6|175,17,4|183,35,5|221,132,0|0,0,0|0,0,0|0,0,0|0,0,0|0,0,0|0,0,0|0,0,0|0,0,0|0,0,0|0,0,0|255,160,0|195,109,10|198,107,7|202,110,4|213,121,5|219,130,8|223,136,10|225,140,11|227,142,12|227,143,12|227,142,12|226,140,11|223,136,10|219,130,8|213,122,6|203,111,4|198,107,8|198,108,11|216,99,0|255,135,0|0,0,0|0,0,0|0,0,0|0,0,0|0,0,0|0,0,0|0,0,0|0,0,0|0,0,0|0,0,0|0,0,0|0,0,0|0,0,0|255,191,0|255,174,0|195,117,14|193,103,8|198,106,6|202,110,5|204,113,5|208,116,4|209,117,4|208,116,5|205,113,5|203,110,5|199,107,5|194,102,6|194,110,14|246,178,0|255,212,0|0,0,0|0,0,0|0,0,0|0,0,0|0,0,0|0,0,0|0,0,0|0,0,0|0,0,0|0,0,0|0,0,0|0,0,0|0,0,0|0,0,0|0,0,0|0,0,0|0,0,0|255,255,0|255,137,0|255,161,0|233,162,11|205,127,16|192,111,19|190,108,17|190,110,19|204,121,15|244,141,5|255,166,0|255,136,0|255,255,0|0,0,0|0,0,0|0,0,0|0,0,0|0,0,0|0,0,0|0,0,0|0,0,0|0,0,0|0,0,0|"
    
    Egp:egpClear()
    
    I = 1
    X = 1
    Y = 1
    O = 1

}

if(I < 1024){
    
    Ex1 = Code:explode("|")
    Colors = Ex1[I, string]
    R = Colors:explode(",")[1, string]:toNumber()
    G = Colors:explode(",")[2, string]:toNumber()
    B = Colors:explode(",")[3, string]:toNumber()
    T = R + G + B
    
    if(T > 3){
     
        Egp:egpBox(O, vec2(-8 + X * 16, -8 + Y * 16), vec2(16))
        Egp:egpColor(O, vec(R, G, B))
        O++
    
    }
    
    if(X < 32){
        
        X++
        
    }
    else
    {
        X = 1
        Y++
    }
    
    I+=1
    print(O)
    
}
